image: intersection.pgm
resolution: 0.062500
origin: [-41.467916666666675,-50.59305555555556, 0.000000]
negate: 0
occupied_thresh: 0.45
free_thresh: 0.196